5
A <- 5
A * 2
B <- c(A, 5, 5)
B 